%YAML:1.0
---
calibrationTimeChar: "Tue Feb 11 19:18:13 2025\n"
calibrationTime_t: 1739272693
imageWidth: 2200
imageHeight: 1740
cameraMatrix: !!opencv-matrix
   rows: 3
   cols: 3
   dt: d
   data: [ 1.1637425123734822e+03, 0., 1.0861665133800445e+03, 0.,
       1.1636494277942820e+03, 8.5813047748327324e+02, 0., 0., 1. ]
distCoeffs: !!opencv-matrix
   rows: 1
   cols: 4
   dt: d
   data: [ -8.3867655529098986e-02, 8.2499366217973394e-02,
       -3.0565970261017036e-04, 2.0402771021433140e-04 ]
newCameraMatrixAlpha1: !!opencv-matrix
   rows: 3
   cols: 3
   dt: d
   data: [ 1.1390859121969916e+03, 0., 1.0866627513059138e+03, 0.,
       1.1343870972228326e+03, 8.5704511455345857e+02, 0., 0., 1. ]
newDisCoffesAlpha1: !!opencv-matrix
   rows: 1
   cols: 5
   dt: d
   data: [ 9.1821487747255386e-05, -2.1287572001700642e-04,
       1.1586183116213104e-05, -5.1948262633829890e-05,
       1.0924744366783040e-04 ]
newCameraMatrixAlpha0: !!opencv-matrix
   rows: 3
   cols: 3
   dt: d
   data: [ 1.1615504982087023e+03, 0., 1.0871790173780978e+03, 0.,
       1.1624623175684221e+03, 8.5737785583400148e+02, 0., 0., 1. ]
newDistCoeffsAlpha0: !!opencv-matrix
   rows: 1
   cols: 5
   dt: d
   data: [ 1.5768677385346970e-04, -6.1725991476261287e-04,
       2.7004688630304080e-05, -3.5551639573140589e-05,
       4.9435294891776488e-04 ]
