%YAML:1.0
---
calibrationTimeChar: "Wed Jan 15 10:56:00 2025\n"
calibrationTime_t: 1736909760
imageWidth: 2200
imageHeight: 1740
cameraMatrix: !!opencv-matrix
   rows: 3
   cols: 3
   dt: d
   data: [ 1.1595745347653647e+03, 0., 1.1021907455875778e+03, 0.,
       1.1590139783225720e+03, 8.3441813183496947e+02, 0., 0., 1. ]
distCoeffs: !!opencv-matrix
   rows: 1
   cols: 4
   dt: d
   data: [ -8.7139889164755957e-02, 8.8789238544840360e-02,
       -3.4516569297358989e-04, 3.9094595108226732e-04 ]
newCameraMatrixAlpha1: !!opencv-matrix
   rows: 3
   cols: 3
   dt: d
   data: [ 1.1336497839859808e+03, 0., 1.1030988559145453e+03, 0.,
       1.1285639866097238e+03, 8.3280930450551728e+02, 0., 0., 1. ]
newDisCoffesAlpha1: !!opencv-matrix
   rows: 1
   cols: 5
   dt: d
   data: [ 1.6165800001070349e-03, -4.9606057152999381e-03,
       3.6385051748675262e-05, 7.8222150488937281e-05,
       4.3548544902962298e-03 ]
newCameraMatrixAlpha0: !!opencv-matrix
   rows: 3
   cols: 3
   dt: d
   data: [ 1.1553621837127225e+03, 0., 1.1027956006091526e+03, 0.,
       1.1542682417288759e+03, 8.3342425627630098e+02, 0., 0., 1. ]
newDistCoeffsAlpha0: !!opencv-matrix
   rows: 1
   cols: 5
   dt: d
   data: [ 4.4405266014701291e-04, -9.0256446622593873e-04,
       5.1584647613218870e-05, -2.8516712378171322e-06,
       2.2230480698045099e-04 ]
