Rotation: [0.9995511, -0.02950442, 0.005266145, 0.005007915, -0.008819518, -0.9999488, 0.02954924, 0.9995263, -0.008667727]
Translation: [-0.1413643, -0.2815121, -0.8044162]