Rotation: [-0.5093452, -0.8605556, -0.003369281, 0.002965844, 0.002159797, -0.999993, 0.8605571, -0.5093517, 0.001452195]
Translation: [-0.06187955, -0.2966785, -0.616154]