Rotation: [-0.4849828, 0.8742474, 0.02198581, -0.03145711, 0.007684514, -0.9994757, -0.8739579, -0.4854201, 0.02377444]
Translation: [0.1108657, -0.3093877, -0.614928]