Rotation: [0.9997597, -0.02178946, 0.00245594, 0.002443456, -0.0005995035, -0.999997, 0.0217908, 0.9997627, -0.0005461136]
Translation: [0.1440046, -0.2879962, -0.7441177]