Rotation: [-0.50671, -0.8620753, -0.008430904, 0.009486904, 0.004203076, -0.999946, 0.8620644, -0.5067628, 0.006048662]
Translation: [-0.09268138, -0.3177553, -0.6092]