Rotation: [-0.9998516, 0.01383007, -0.01028159, 0.004662673, -0.3572593, -0.9339941, -0.01659057, -0.9339031, 0.3571416]
Translation: [-0.1676993, -0.07376981, -0.02126241]