Rotation: [0.9998601, -0.0150367, -0.007307485, -0.007300191, 0.0005390793, -0.9999731, 0.01504001, 0.9998868, 0.0004292279]
Translation: [0.1267422, -0.3127949, -0.7581069]