Rotation: [-0.999912, 0.0007591471, -0.0132697, 0.01211753, -0.3581595, -0.9335821, -0.005461387, -0.9336602, 0.3581186]
Translation: [0.121563, -0.08079857, -0.04536271]