Rotation: [0.4738438, -0.8803768, 0.0202461, 0.006151255, -0.01968139, -0.9997879, 0.8805878, 0.4738674, -0.00391042]
Translation: [0.1525521, -0.2845435, -0.6583235]