Rotation: [0.9999297, -0.01092717, -0.004560083, -0.004709832, -0.01371704, -0.9998946, 0.0108636, 0.999846, -0.01376756]
Translation: [0.1253831, -0.2578436, -0.7954512]