Rotation: [-0.9997203, 0.01769066, -0.01569363, 0.01571688, 0.00117451, -0.9998757, -0.01766983, -0.9998426, -0.001452297]
Translation: [0.0972935, -0.2783017, -0.7958803]