Rotation: [0.5190352, 0.8541446, -0.03224203, -0.06431653, 0.001413539, -0.9979289, -0.8523297, 0.5200337, 0.05566927]
Translation: [-0.1417877, -0.5111722, -0.572757]